-2.254612047994978 -8.327410198946094
2.339057018725516 4.243247648346147
1.4267136473963444 1.3055825393972613
5.579851301964922 -2.131454325031277
-3.8037283700718554 3.479135112905073
3.679553427230622 1.6850398792151102
-2.371769636685335 6.688389973918958
1.4966454610663642 -4.5229958262686045
3.018480129742186 4.802948249298389
-4.617821882668936 -0.28540171317986224
-4.528147141705425 -0.5940002318409997
-1.5196905503816802 1.7066776147094784
0.3734034463970275 -2.134456442512784
-6.660684785677731 2.8757835449698934
-3.061639287833033 -2.7944974055797074
0.3296962766406618 7.908926716458034
0.4088997700547574 1.2205248944161269
8.543063337037445 -12.213554435833506
-2.238691667478448 -2.5212726278451547
-5.778966471588632 1.3892088032284344
-12.582329929907903 -4.563208985381257
0.3775740699444651 0.646777698941019
-2.503274510545821 16.016958011543313
-10.461872790977198 9.595406907112146
-0.1360621711453763 4.924856693405718
11.929320999776463 0.6488068842481372
-4.072737078649972 1.9647459964772174
-3.9743469443484605 6.944114230942543
-7.156716362365756 -6.642625414773904
-7.173776604733385 0.38864253799901605
-10.831160743777184 -4.271074295937656
-3.3211374467233323 1.4046226796905241
6.737468751487935 -7.064258046536058
4.095033110771808 -4.227050467332938
3.690496618398911 -7.975563910495334
0.4422018617176289 3.422530453940986
-4.94581546645665 5.077397615475907
-2.318375640278451 4.715514115983908
6.539186232675656 2.3570205007497624
-1.0052837787046074 -2.475474637903253
2.6677754382355805 0.7176289656937128
0.8177425935789174 -6.202900354111714
-2.4935617789974778 4.304638459647099
3.1410281092703816 1.2732361587574312
-1.9727882694973902 -2.1333219867869095
-2.655100678887272 -3.797710288171479
5.91379043349043 2.1208817429939506
-2.8758427030466005 0.9255366931138226
-3.49300581730028 -3.0377372297262815
3.719531199567533 -9.779983809380607
64.99653319680318 49.57719472351561
52.290756545758505 52.538381543501
49.58666246310681 42.96653771949154
46.44961959139777 53.23707635494156
48.26020817604935 46.430150213350885
51.025200768178166 48.392496089924755
53.498830658992674 47.458529972465584
50.52673054368779 54.20925753499042
50.56720144376582 45.715340906402275
57.11427640370121 59.16154646759135
53.13455618958176 49.137580961266224
43.983494400404616 48.56467954280078
47.29490110418808 44.62271351269766
43.80373128027834 48.16104424464784
52.03340580480937 50.6576670050482
52.29271271217278 51.37226173792376
52.49158807921052 50.71052802398897
51.34565843630269 46.41952290101016
45.423391417143115 44.919760346566214
46.07218103782225 50.43268512444569
50.00546177251357 46.8712536167121
52.253973142699834 58.162412478734915
44.076284807272835 41.08771375873677
47.45978209086279 42.86064543152182
52.082970391809546 52.48346579654267
48.2422275505377 45.24915091950649
52.457405557329174 48.32016491441204
50.33092340421998 51.15575511037125
47.657972212765266 51.21770648054344
38.81033619176521 48.56303691619784
55.182412035102566 47.606151661556325
49.93070506910841 54.2993750960948
46.17315048791023 41.83543495974527
55.660582346921 49.87074261213911
54.8836869376372 45.747857984340385
47.823823864868125 50.177724046508914
46.21068994212439 53.490897786745776
47.20300796330912 52.45801186856086
50.65142147557523 53.789441875390615
55.17794560384067 41.393803007986136
49.71247820996769 47.30756518640899
53.475787932694296 46.30386980785372
53.7428034011651 47.40552798010303
48.61891369717092 45.81961889349034
48.96370759899212 52.24011057359399
47.966606955058865 50.92739657314743
48.37183228615412 44.99571915181758
42.860221239940245 48.21648126667729
51.81432375542747 42.49829572692677
54.337492662061706 45.1436646664934